0,545
0,544
0,543
0,542
0,541
20,1
19,3
19,2
19,1
18,3
18,1
14,5
14,4
14,3
14,1
13,3
13,1
12,3
12,2
12,1
11,30
11,29
11,26
11,24
11,23
11,19
11,12
11,10
11,9
11,8
11,7
11,6
11,5
11,3
11,2
11,1
10,281
10,238
10,236
10,197
10,193
10,158
3,2
10,135
3,1
10,122
3,3
10,111
3,0
10,105
10,100
10,29
10,25
10,9
10,7
10,3
10,2
10,1
9,7
9,6
9,4
9,3
9,2
9,1
2,2
8,17
8,16
2,1
8,15
2,3
8,1
2,0
8,12
0,278
0,273
0,540
0,539
0,538
0,537
0,536
0,535
0,534
0,533
0,532
0,531
0,530
0,529
0,528
0,527
0,526
0,525
0,524
0,523
0,522
0,521
0,520
0,519
0,518
0,517
0,516
0,515
0,514
0,513
0,512
0,511
0,510
0,509
0,474
0,276
0,272
0,271
0,270
0,275
0,12
0,317
0,10
0,8
0,0
0,462
0,268
0,508
0,461
0,267
0,507
0,460
0,266
0,506
0,459
0,265
0,505
0,458
0,264
0,504
0,457
0,263
0,456
0,262
0,503
0,455
0,261
0,502
0,454
0,260
0,501
0,453
0,259
0,452
0,258
0,500
0,451
0,257
0,450
0,256
0,449
0,255
0,448
0,254
0,499
0,447
0,253
0,446
0,252
0,445
0,251
0,498
0,444
0,250
0,497
0,443
0,249
0,442
0,248
0,441
0,247
0,440
0,246
0,496
0,439
20,2
20,3
27,3
27,4
28,3
28,4
29,3
29,4
30,1
31,1
8,0
31,3
8,3
31,5
32,1
8,18
8,14
33,1
33,3
34,1
34,3
36,1
9,0
9,5
36,5
36,6
36,8
36,9
36,11
36,12
36,14
11,0
36,16
36,17
36,18
37,1
37,3
11,28
38,1
11,18
38,4
38,5
10,257
10,99
10,251
10,198
10,5
13,0
27,0
28,0
30,0
31,0
37,0
33,0
29,0
38,7
34,6
28,5
34,0
32,0
38,0
14,0
36,0
10,295
10,140
10,0
38,3
37,4
11,15
11,25
11,4
36,15
36,13
36,10
36,7
36,4
36,3
34,5
33,4
8,4
32,3
8,2
31,4
0,318
30,3
12,0
29,1
28,1
27,1
0,245
0,495
0,438
0,244
0,494
0,437
0,242
0,493
0,436
0,241
0,492
0,435
0,240
0,491
0,434
0,239
0,490
0,433
0,238
0,489
0,432
0,237
0,488
0,431
0,236
0,487
0,430
0,235
0,429
0,234
0,428
0,233
0,427
0,232
0,426
0,231
0,425
0,230
0,424
0,229
0,423
0,228
0,422
0,227
0,421
0,226
0,486
0,420
0,225
0,485
0,419
0,224
0,484
0,418
0,223
0,417
0,222
0,483
0,416
0,221
0,482
0,415
0,220
0,481
0,414
0,219
0,480
0,413
0,218
0,412
0,217
0,479
0,411
0,216
0,478
0,410
0,215
0,477
0,409
0,214
0,408
0,213
0,407
0,212
0,406
0,211
0,476
0,405
0,210
0,475
0,404
0,209
0,403
0,208
0,473
0,402
0,207
0,401
0,206
0,472
0,400
0,205
0,399
0,311
0,204
0,398
0,310
0,203
0,397
0,316
0,202
0,309
0,308
0,201
0,307
0,306
0,200
0,305
0,304
0,199
0,303
0,302
0,198
0,396
0,301
0,197
0,395
0,300
0,196
0,394
0,299
0,195
0,393
0,298
0,194
0,392
0,297
0,193
0,391
0,296
0,192
0,390
0,295
0,63
0,389
0,294
0,62
0,387
0,293
0,61
0,386
0,292
0,60
0,385
0,291
0,59
0,471
0,290
0,58
0,470
0,289
0,57
0,469
0,288
0,56
0,468
0,287
0,55
0,384
0,286
0,54
0,319
0,285
0,53
0,467
0,284
0,52
0,466
0,283
0,51
0,315
0,282
0,50
0,313
0,281
0,49
0,312
0,280
0,48
0,314
0,279
0,47
0,465
0,277
0,46
0,464
0,274
0,45
0,463
0,269
0,6
0,5
0,1
0,11
0,4
0,2
0,3
0,7
